-0.723599 0.000000
-0.715262 0.000000
-0.706925 0.000000
-0.698589 0.000000
-0.690252 0.000000
-0.681915 0.000000
-0.673578 0.000000
-0.665242 0.000000
-0.656905 0.000000
-0.648568 0.000000
-0.640231 0.000000
-0.631895 0.000000
-0.623558 0.000000
-0.615221 0.000000
-0.606884 0.000000
-0.598548 0.000000
-0.590211 0.000000
-0.581874 0.000000
-0.573537 0.000000
-0.565201 0.000000
-0.556864 0.000000
-0.548527 0.000000
-0.540190 0.000000
-0.531854 0.000000
-0.523517 0.000020
-0.515180 0.002105
-0.506843 0.004189
-0.498507 0.006272
-0.490170 0.008356
-0.481833 0.010438
-0.473496 0.012520
-0.465160 0.014601
-0.456823 0.016682
-0.448486 0.018761
-0.440149 0.020838
-0.431813 0.022914
-0.423476 0.024989
-0.415139 0.027062
-0.406802 0.029133
-0.398466 0.031202
-0.390129 0.033269
-0.381792 0.035333
-0.373455 0.037395
-0.365119 0.039454
-0.356782 0.041511
-0.348445 0.043565
-0.340108 0.045616
-0.331772 0.047663
-0.323435 0.049707
-0.315098 0.051748
-0.306761 0.053786
-0.298425 0.055819
-0.290088 0.057849
-0.281751 0.059874
-0.273414 0.061896
-0.265078 0.063913
-0.256741 0.065925
-0.248404 0.067934
-0.240067 0.069937
-0.231731 0.071935
-0.223394 0.073929
-0.215057 0.075917
-0.206720 0.077900
-0.198384 0.079878
-0.190047 0.081850
-0.181710 0.083817
-0.173373 0.085777
-0.165037 0.087732
-0.156700 0.089681
-0.148363 0.091623
-0.140026 0.093559
-0.131690 0.095488
-0.123353 0.097411
-0.115016 0.099327
-0.106679 0.101236
-0.098343 0.103139
-0.090006 0.105033
-0.081669 0.106921
-0.073332 0.108801
-0.064996 0.110674
-0.056659 0.112539
-0.048322 0.114396
-0.039985 0.116245
-0.031649 0.118086
-0.023312 0.119919
-0.014975 0.121744
-0.006638 0.123560
0.001698 0.125368
0.010035 0.127166
0.018372 0.128956
0.026709 0.130737
0.035045 0.132509
0.043382 0.134272
0.051719 0.136025
0.060056 0.137769
0.068392 0.139504
0.076729 0.141228
0.085066 0.142943
0.093403 0.144648
0.101739 0.146343
0.110076 0.148028
0.118413 0.149702
0.126750 0.151366
0.135086 0.153019
0.143423 0.154662
0.151760 0.156294
0.160097 0.157916
0.168433 0.159526
0.176770 0.161125
0.185107 0.162713
0.193444 0.164290
0.201780 0.165855
0.210117 0.167408
0.218454 0.168951
0.226791 0.170481
0.235127 0.171999
0.243464 0.173506
0.251801 0.175000
0.260138 0.176483
0.268474 0.177953
0.276811 0.179410
0.285148 0.180856
0.293484 0.182288
0.301821 0.183708
0.310158 0.185115
0.318495 0.186510
0.326831 0.187891
0.335168 0.189259
0.343505 0.190615
0.351842 0.191956
0.360178 0.193285
0.368515 0.194600
0.376852 0.195902
0.385189 0.197190
0.393525 0.198464
0.401862 0.199725
0.410199 0.200971
0.418536 0.202204
0.426872 0.203422
0.435209 0.204627
0.443546 0.205817
0.451883 0.206993
0.460219 0.208155
0.468556 0.209302
0.476893 0.210434
0.485230 0.211552
0.493566 0.212655
0.501903 0.213744
0.510240 0.214817
0.518577 0.215876
0.526913 0.216919
0.535250 0.217948
0.543587 0.218961
0.551924 0.219960
0.560260 0.220943
0.568597 0.221910
0.576934 0.222862
0.585271 0.223799
0.593607 0.224720
0.601944 0.225625
0.610281 0.226515
0.618618 0.227389
0.626954 0.228247
0.635291 0.229090
0.643628 0.229916
0.651965 0.230727
0.660301 0.231521
0.668638 0.232300
0.676975 0.233062
0.685312 0.233808
0.693648 0.234537
0.701985 0.235251
0.710322 0.235948
0.718659 0.236629
0.726995 0.237293
0.735332 0.237941
0.743669 0.238572
0.752006 0.239187
0.760342 0.239785
0.768679 0.240366
0.777016 0.240931
0.785353 0.241479
0.793689 0.242010
0.802026 0.242524
0.810363 0.243021
0.818700 0.243502
0.827036 0.243966
0.835373 0.244412
0.843710 0.244842
0.852047 0.245255
0.860383 0.245650
0.868720 0.246029
0.877057 0.246390
0.885394 0.246735
0.893730 0.247062
0.902067 0.247372
0.910404 0.247665
0.918741 0.247940
0.927077 0.248199
0.935414 0.248440
0.943751 0.248664
0.952088 0.248870
0.960424 0.249059
0.968761 0.249231
0.977098 0.249386
0.985435 0.249523
0.993771 0.249643
1.002108 0.249746
1.010445 0.249831
1.018782 0.249899
1.027118 0.249950
1.035455 0.249983
1.043792 0.249999
1.052129 0.249997
1.060465 0.249978
1.068802 0.249942
1.077139 0.249888
1.085476 0.249817
1.093812 0.249728
1.102149 0.249623
1.110486 0.249499
1.118823 0.249359
1.127159 0.249201
1.135496 0.249026
1.143833 0.248834
1.152170 0.248624
1.160506 0.248397
1.168843 0.248153
1.177180 0.247891
1.185517 0.247612
1.193853 0.247316
1.202190 0.247003
1.210527 0.246673
1.218864 0.246325
1.227200 0.245961
1.235537 0.245579
1.243874 0.245180
1.252211 0.244765
1.260547 0.244332
1.268884 0.243882
1.277221 0.243415
1.285558 0.242932
1.293894 0.242431
1.302231 0.241914
1.310568 0.241380
1.318905 0.240829
1.327241 0.240261
1.335578 0.239676
1.343915 0.239075
1.352252 0.238458
1.360588 0.237823
1.368925 0.237173
1.377262 0.236505
1.385599 0.235822
1.393935 0.235122
1.402272 0.234405
1.410609 0.233672
1.418945 0.232923
1.427282 0.232158
1.435619 0.231377
1.443956 0.230580
1.452292 0.229766
1.460629 0.228937
1.468966 0.228092
1.477303 0.227230
1.485639 0.226354
1.493976 0.225461
1.502313 0.224553
1.510650 0.223629
1.518986 0.222689
1.527323 0.221734
1.535660 0.220764
1.543997 0.219778
1.552333 0.218777
1.560670 0.217761
1.569007 0.216730
1.577344 0.150000
1.585680 0.150000
1.594017 0.150000
1.602354 0.150000
1.610691 0.150000
1.619027 0.150000
1.627364 0.150000
1.635701 0.150000
1.644038 0.150000
1.652374 0.150000
1.660711 0.150000
1.669048 0.150000
1.677385 0.150000
1.685721 0.150000
1.694058 0.150000
1.702395 0.150000
1.710732 0.150000
1.719068 0.150000
1.727405 0.150000
1.735742 0.150000
1.744079 0.150000
1.752415 0.150000
1.760752 0.150000
1.769089 0.150000
1.777426 0.150000
1.785762 0.150000
1.794099 0.150000
1.802436 0.150000
1.810773 0.150000
1.819109 0.150000
1.827446 0.150000
1.835783 0.150000
1.844120 0.150000
1.852456 0.150000
1.860793 0.150000
1.869130 0.150000
1.877467 0.150000
1.885803 0.150000
1.894140 0.150000
1.902477 0.150000
1.910814 0.150000
1.919150 0.150000
1.927487 0.150000
1.935824 0.150000
1.944161 0.150000
1.952497 0.150000
1.960834 0.150000
1.969171 0.150000
1.977508 0.150000
1.985844 0.150000
1.994181 0.150000
2.002518 0.150000
2.010855 0.150000
2.019191 0.150000
2.027528 0.150000
2.035865 0.150000
2.044202 0.150000
2.052538 0.150000
2.060875 0.150000
2.069212 0.150000
2.077549 0.150000
2.085885 0.150000
2.094222 0.150000
2.102559 0.150000
2.110896 0.150000
2.119232 0.150000
2.127569 0.150000
2.135906 0.150000
2.144243 0.150000
2.152579 0.150000
2.160916 0.150000
2.169253 0.150000
2.177590 0.150000
2.185926 0.150000
2.194263 0.150000
2.202600 0.150000
2.210937 0.150000
2.219273 0.150000
2.227610 0.150000
2.235947 0.150000
2.244284 0.150000
2.252620 0.150000
2.260957 0.150000
2.269294 0.150000
2.277631 0.150000
2.285967 0.150000
2.294304 0.150000
2.302641 0.150000
2.310978 0.150000
2.319314 0.150000
2.327651 0.150000
2.335988 0.150000
2.344325 0.150000
2.352661 0.150000
2.360998 0.150000
2.369335 0.150000
2.377672 0.150000
2.386008 0.150000
2.394345 0.150000
2.402682 0.150000
2.411019 0.150000
2.419355 0.150000
2.427692 0.150000
2.436029 0.150000
2.444366 0.150000
2.452702 0.150000
2.461039 0.150000
2.469376 0.150000
2.477713 0.150000
2.486049 0.150000
2.494386 0.150000
2.502723 0.150000
2.511060 0.150000
2.519396 0.150000
2.527733 0.150000
2.536070 0.150000
2.544406 0.150000
2.552743 0.150000
2.561080 0.150000
2.569417 0.150000
2.577753 0.150000
2.586090 0.150000
2.594427 0.150000
2.602764 0.150000
2.611100 0.150000
2.619437 0.150000
2.627774 0.150000
2.636111 0.150000
2.644447 0.150000
2.652784 0.150000
2.661121 0.150000
2.669458 0.150000
2.677794 0.150000
2.686131 0.150000
2.694468 0.150000
2.702805 0.150000
2.711141 0.150000
2.719478 0.150000
2.727815 0.150000
2.736152 0.150000
2.744488 0.150000
2.752825 0.150000
2.761162 0.150000
2.769499 0.150000
2.777835 0.150000
2.786172 0.150000
2.794509 0.150000
2.802846 0.150000
2.811182 0.150000
2.819519 0.150000
2.827856 0.150000
2.836193 0.150000
2.844529 0.150000
2.852866 0.150000
2.861203 0.150000
2.869540 0.150000
2.877876 0.150000
2.886213 0.150000
2.894550 0.150000
2.902887 0.150000
2.911223 0.150000
2.919560 0.150000
2.927897 0.150000
2.936234 0.150000
2.944570 0.150000
2.952907 0.150000
2.961244 0.150000
2.969581 0.150000
2.977917 0.150000
2.986254 0.150000
2.994591 0.150000
3.002928 0.150000
3.011264 0.150000
3.019601 0.150000
3.027938 0.150000
3.036275 0.150000
3.044611 0.150000
3.052948 0.150000
3.061285 0.150000
3.069622 0.150000
3.077958 0.150000
3.086295 0.150000
3.094632 0.150000
3.102969 0.150000
3.111305 0.150000
3.119642 0.150000
3.127979 0.150000
3.136316 0.150000
3.144652 0.150000
3.152989 0.150000
3.161326 0.150000
3.169663 0.150000
3.177999 0.150000
3.186336 0.150000
3.194673 0.150000
3.203010 0.150000
3.211346 0.150000
3.219683 0.150000
3.228020 0.150000
3.236357 0.150000
3.244693 0.150000
3.253030 0.150000
3.261367 0.150000
3.269704 0.150000
3.278040 0.150000
3.286377 0.150000
3.294714 0.150000
3.303051 0.150000
3.311387 0.150000
3.319724 0.150000
3.328061 0.150000
3.336398 0.150000
3.344734 0.150000
3.353071 0.150000
3.361408 0.150000
3.369745 0.150000
3.378081 0.150000
3.386418 0.150000
3.394755 0.150000
3.403092 0.150000
3.411428 0.150000
3.419765 0.150000
3.428102 0.150000
3.436439 0.150000
3.444775 0.150000
3.453112 0.150000
3.461449 0.150000
3.469786 0.150000
3.478122 0.150000
3.486459 0.150000
3.494796 0.150000
3.503133 0.150000
3.511469 0.150000
3.519806 0.150000
3.528143 0.150000
3.536480 0.150000
3.544816 0.150000
3.553153 0.150000
3.561490 0.150000
3.569827 0.150000
3.578163 0.150000
3.586500 0.150000
3.594837 0.150000
3.603174 0.150000
3.611510 0.150000
3.619847 0.150000
3.628184 0.150000
3.636521 0.150000
3.644857 0.150000
3.653194 0.150000
3.661531 0.150000
3.669867 0.150000
3.678204 0.150000
3.686541 0.150000
3.694878 0.150000
3.703214 0.150000
3.711551 0.150000
3.719888 0.150000
3.728225 0.150000
3.736561 0.150000
3.744898 0.150000
3.753235 0.150000
3.761572 0.150000
3.769908 0.150000
3.778245 0.150000
3.786582 0.150000
3.794919 0.150000
3.803255 0.150000
3.811592 0.150000
3.819929 0.150000
3.828266 0.150000
3.836602 0.150000
3.844939 0.150000
3.853276 0.150000
3.861613 0.150000
3.869949 0.150000
3.878286 0.150000
3.886623 0.150000
3.894960 0.150000
3.903296 0.150000
3.911633 0.150000
3.919970 0.150000
3.928307 0.150000
3.936643 0.150000
3.944980 0.150000
3.953317 0.150000
3.961654 0.150000
3.969990 0.150000
3.978327 0.150000
3.986664 0.150000
3.995001 0.150000
4.003337 0.150000
4.011674 0.150000
4.020011 0.150000
4.028348 0.150000
4.036684 0.150000
4.045021 0.150000
4.053358 0.150000
4.061695 0.150000
4.070031 0.150000
4.078368 0.150000
4.086705 0.150000
4.095042 0.150000
4.103378 0.150000
4.111715 0.150000
4.120052 0.150000
4.128389 0.150000
4.136725 0.150000
4.145062 0.150000
4.153399 0.150000
4.161736 0.150000
4.170072 0.150000
4.178409 0.150000
4.186746 0.150000
4.195083 0.150000
4.203419 0.150000
4.211756 0.150000
4.220093 0.150000
4.228430 0.150000
4.236766 0.150000
4.245103 0.150000
4.253440 0.150000
4.261777 0.150000
4.270113 0.150000
4.278450 0.150000
4.286787 0.150000
4.295124 0.150000
4.303460 0.150000
4.311797 0.150000
4.320134 0.150000
4.328471 0.150000
4.336807 0.150000
4.345144 0.150000
4.353481 0.150000
4.361818 0.150000
4.370154 0.150000
4.378491 0.150000
4.386828 0.150000
4.395165 0.150000
4.403501 0.150000
4.411838 0.150000
4.420175 0.150000
4.428512 0.150000
4.436848 0.150000
4.445185 0.150000
4.453522 0.150000
4.461859 0.150000
4.470195 0.150000
4.478532 0.150000
4.486869 0.150000
4.495206 0.150000
4.503542 0.150000
4.511879 0.150000
4.520216 0.150000
4.528553 0.150000
4.536889 0.150000
4.545226 0.150000
4.553563 0.150000
4.561900 0.150000
4.570236 0.150000
4.578573 0.150000
4.586910 0.150000
4.595247 0.150000
4.603583 0.150000
4.611920 0.150000
4.620257 0.150000
4.628594 0.150000
4.636930 0.150000
4.645267 0.150000
4.653604 0.150000
4.661941 0.150000
4.670277 0.150000
4.678614 0.150000
4.686951 0.150000
4.695288 0.150000
4.703624 0.150000
4.711961 0.150000
4.720298 0.150000
4.728635 0.150000
4.736971 0.150000
4.745308 0.150000
4.753645 0.150000
4.761982 0.150000
4.770318 0.150000
4.778655 0.150000
4.786992 0.150000
4.795328 0.150000
4.803665 0.150000
4.812002 0.150000
4.820339 0.150000
4.828675 0.150000
4.837012 0.150000
4.845349 0.150000
4.853686 0.150000
4.862022 0.150000
4.870359 0.150000
4.878696 0.150000
4.887033 0.150000
4.895369 0.150000
4.903706 0.150000
4.912043 0.150000
4.920380 0.150000
4.928716 0.150000
4.937053 0.150000
4.945390 0.150000
4.953727 0.150000
4.962063 0.150000
4.970400 0.150000
4.978737 0.150000
4.987074 0.150000
4.995410 0.150000
5.003747 0.150000
5.012084 0.150000
5.020421 0.150000
5.028757 0.150000
5.037094 0.150000
5.045431 0.150000
5.053768 0.150000
5.062104 0.150000
5.070441 0.150000
5.078778 0.150000
5.087115 0.150000
5.095451 0.150000
5.103788 0.150000
5.112125 0.150000
5.120462 0.150000
5.128798 0.150000
5.137135 0.150000
5.145472 0.150000
5.153809 0.150000
5.162145 0.150000
5.170482 0.150000
5.178819 0.150000
5.187156 0.150000
5.195492 0.150000
5.203829 0.150000
5.212166 0.150000
5.220503 0.150000
5.228839 0.150000
5.237176 0.150000
5.245513 0.150000
5.253850 0.150000
5.262186 0.150000
5.270523 0.150000
5.278860 0.150000
5.287197 0.150000
5.295533 0.150000
5.303870 0.150000
5.312207 0.150000
5.320544 0.150000
5.328880 0.150000
5.337217 0.150000
5.345554 0.150000
5.353891 0.150000
5.362227 0.150000
5.370564 0.150000
5.378901 0.150000
5.387238 0.150000
5.395574 0.150000
5.403911 0.150000
5.412248 0.150000
5.420585 0.150000
5.428921 0.150000
5.437258 0.150000
5.445595 0.150000
5.453932 0.150000
5.462268 0.150000
5.470605 0.150000
5.478942 0.150000
5.487279 0.150000
5.495615 0.150000
5.503952 0.150000
5.512289 0.150000
5.520626 0.150000
5.528962 0.150000
5.537299 0.150000
5.545636 0.150000
5.553973 0.150000
5.562309 0.150000
5.570646 0.150000
5.578983 0.150000
5.587320 0.150000
5.595656 0.150000
5.603993 0.150000
5.612330 0.150000
5.620667 0.150000
5.629003 0.150000
5.637340 0.150000
5.645677 0.150000
5.654014 0.150000
5.662350 0.150000
5.670687 0.150000
5.679024 0.150000
5.687361 0.150000
5.695697 0.150000
5.704034 0.150000
5.712371 0.150000
5.720708 0.150000
5.729044 0.150000
5.737381 0.150000
5.745718 0.000000
5.754055 0.000000
5.762391 0.000000
5.770728 0.000000
5.779065 0.000000
5.787402 0.000000
5.795738 0.000000
5.804075 0.000000
5.812412 0.000000
5.820749 0.000000
5.829085 0.000000
5.837422 0.000000
5.845759 0.000000
5.854096 0.000000
5.862432 0.000000
5.870769 0.000000
5.879106 0.000000
5.887443 0.000000
5.895779 0.000000
5.904116 0.000000
5.912453 0.000000
5.920789 0.000000
5.929126 0.000000
5.937463 0.000000
